<gnd:4037363-0>
<gnd:4071781-1>
<gnd:4123701-8>
<gnd:4075995-7>
<gnd:4071776-8>
<gnd:4029002-5>
<gnd:4055783-2>
