<gnd:4077347-4>
<gnd:4241679-6>
<gnd:4167851-5>
<gnd:4036032-5>
<gnd:4394725-6>
<gnd:4113292-0>
