<gnd:4011413-2>
<gnd:4003846-4>
