<gnd:4130460-3>
<gnd:4071876-1>
<gnd:4125214-7>
