<gnd:4048171-2>
<gnd:4005227-8>
<gnd:4215345-1>
<gnd:4027743-4>
<gnd:4137178-1>
