<gnd:4123275-6>
<gnd:4371666-0>
<gnd:4485046-3>
<gnd:4308830-2>
<gnd:4303350-7>
