<gnd:1281683043>
<gnd:4236037-7>
<gnd:4193187-7>
