<gnd:4066493-4>
<gnd:4132737-8>
